              precision    recall  f1-score   support

       <bot>       1.00      1.00      1.00       586
       <eot>       1.00      1.00      1.00       586
         adj       0.91      0.95      0.93       220
         adp       1.00      0.99      1.00      1434
         adv       0.91      0.68      0.78        76
         aux       0.95      0.99      0.97       256
       cconj       1.00      1.00      1.00       109
         det       0.98      0.87      0.92       512
        intj       1.00      1.00      1.00        36
        noun       0.99      0.99      0.99      1166
         num       0.95      0.93      0.94       127
        part       0.96      0.98      0.97        56
        pron       0.85      0.98      0.91       392
       propn       0.99      1.00      0.99      1567
        verb       0.98      0.97      0.98       629

    accuracy                           0.98      7752
   macro avg       0.97      0.96      0.96      7752
weighted avg       0.98      0.98      0.98      7752
